225
0
0
0
0
1
1
1
1
2
2
2
2
3
3
3
3
4
4
4
4
5
5
5
5
6
6
0
0
4
255
4
5
5
0
255
1
255
1
1
1
2
3
0
255
1
254
1
1
1
2
3
0
254
1
254
1
1
1
2
3
0
254
1
253
1
1
1
2
3
0
253
1
253
1
1
1
2
3
0
253
1
252
1
1
1
2
3
0
252
1
252
1
1
1
2
3
0
252
1
251
1
1
1
2
3
0
251
1
251
1
1
1
2
3
0
251
1
250
1
1
1
2
3
0
250
1
250
1
1
1
2
3
0
250
1
249
1
1
1
2
2
2
3
250
3
3
250
4
4
3
250
3
3
251
4
4
3
251
3
3
251
4
4
3
251
3
3
252
4
4
3
252
3
3
252
4
4
3
252
3
3
253
4
4
3
253
3
3
253
4
4
3
253
3
3
254
4
4
3
254
3
3
254
4
4
3
254
3
3
255
4
4
3
255
3
3
255
4
4
5
255
5
6
0
6